0.0002435979358662343	0.0003941604435234581	0.00026068289940180925
0.00024840304207984516	0.00040067654057477606	0.0002603576889083433
0.00025209229037228984	0.00041304351227848134	0.000259244690909442
0.00026048696872657675	0.0004084938518502854	0.0002522145099780206
0.0002533688880566253	0.0003749325657429265	0.00025449814766822896
0.00023776757524489995	0.0003753469763677459	0.0002638910289511091
0.00023051910669003131	0.00039926936193133164	0.00026447903174482175
0.000239198554925019	0.0004025718119999387	0.00026472962666579435
0.00025373286575900025	0.0004009401350037685	0.0002576895783608396
0.00026275048123937443	0.00042932635141974633	0.0002619646423578273
0.0002646271322779888	0.0004444500824718548	0.00025829957033376863
0.0002833859103286102	0.00042834163664208784	0.000255222787825265
0.0002778928781109112	0.00038186098411007244	0.00024857005577600907
0.0002577209256695334	0.0003484647872038255	0.0002548079090995806
0.0002416660935344316	0.00034698818939726817	0.0002679895403164026
0.00022680727473787696	0.00037225839732765546	0.00026927598888030384
0.0002192593491446682	0.00041314990964496794	0.0002613836451920949
0.00022947259161146735	0.00042729403024304417	0.000260462347718745
0.00023720273745807564	0.0004170975795806379	0.0002653654635077756
0.00024155291203702153	0.00039696294324578166	0.0002620564281913325
0.00023975451679009922	0.0003737142414153866	0.00025313200871170956
0.0002463038430606213	0.0003861569627969305	0.00025448768859325844
0.0002690983735202979	0.0004188242737273914	0.00026697302919604016
0.00027996078239297777	0.0004476133174833694	0.0002802556251113302
0.0002708370183359197	0.00046222945158245067	0.0002824208885576353
0.0002881735837008791	0.0004466764854744196	0.00028500508862026733
0.000311535481143272	0.00041307413303700576	0.0002789391563201364
0.0002987417418473015	0.00038460534375264136	0.00025379750052132995
0.000269162540924323	0.00033695699901394017	0.0002511289286361565
0.0002537247621892668	0.00031594558233745065	0.00026248483138867535
0.00024145204713308584	0.00032456093988634827	0.0002727458435439427
0.00022895115835531294	0.0003610688489465572	0.0002690349950628464
0.000228462793365394	0.000396909459088989	0.0002638633120230266
0.00021434027851184955	0.00043625057622485435	0.0002615948307634314
0.0002215489068378001	0.00045258608419494837	0.000261817742916388
0.0002355789463736555	0.00044265157438349044	0.00025852593418921406
0.00023507958949340772	0.0004173303224934237	0.00026056642965644177
0.00023443183668739472	0.0003749987690446404	0.00025522768621931386
0.0002323100906685661	0.0003441503135339648	0.00024695212708340894
0.00024048111676732545	0.00037313689329944986	0.0002503125963809959
0.0002650656874987272	0.0004061812144714559	0.0002676684334770727
0.0002904038617227722	0.0004305017842065739	0.0002919329345360864
0.0002860259559683485	0.000450344819965584	0.00032029708584898156
0.0002702274131665233	0.0004621555997474693	0.0003271960007325254
0.00028115788913533207	0.00044706242989249256	0.0003361700752776042
0.00031569884225886037	0.0004107023015686533	0.00030925434443462857
0.00032157229559240185	0.00037560368409613907	0.0002680234991951689
0.000293105194095624	0.0003471194699358452	0.00025407378334628514
0.0002654998106535821	0.0003072894320542953	0.00025200656155532604
0.000253462771958159	0.00028716819931920326	0.00026146227913464965
0.00024866727716823	0.0002929964542402978	0.00026880712326672124
0.00024303613727288438	0.0003260368030661047	0.000267438672962638
0.00024906679703323996	0.0003533301972690236	0.0002660504322569919
0.0002417208565958385	0.0004097438146963857	0.0002755314242582365
0.00021961850158442933	0.00045346154055638004	0.00028134694176606306
0.00021061871213550032	0.0004684447873941414	0.00028152338936199246
0.00022908656159042416	0.00046199184237736163	0.00027093432177848197
0.00023725262998052795	0.00043724084021964135	0.0002546484870378077
0.0002306010659271526	0.00039878470369119083	0.0002496831866066823
0.00023137644346763565	0.00035532716810921064	0.0002413244852609628
0.00023379788343566742	0.00033208772881288033	0.00024551842401566743
0.00023858664115121106	0.0002887280414238307	0.0002398215739972014
0.00023452508458462863	0.0003262424637004547	0.0002436217235212504
0.00023864103179843064	0.0003294397003659271	0.0002475865708944141
0.0002457023087730822	0.0003717050860621863	0.0002566329865744188
0.00027188335681106024	0.00040186570467655864	0.00028155542845449146
0.000300726008923949	0.0004171421579805507	0.00031704464339192225
0.0002761802909359639	0.00044717891421949883	0.00034836480899469034
0.0002603879149375468	0.0004606316518871061	0.0003545802761249916
0.00028552827323894927	0.000445861202302196	0.00033572678119977816
0.000328275962303713	0.00038732503652704863	0.000303822486676386
0.0003225391625895382	0.0003574842014595559	0.0002757511428860123
0.00029454119090874936	0.0003301985220209282	0.0002574013537186416
0.00026507745670904977	0.00029513542800330307	0.00025055580084337747
0.00024953338705687296	0.0002715716108846864	0.000254284653914809
0.0002472558244435358	0.00025187570212372796	0.0002642527098704362
0.0002498054520749137	0.00027162332425011013	0.0002646265260035929
0.00025316265588890333	0.00030966175981729066	0.0002620876863563526
0.00026112503826486124	0.0003519103121312568	0.0002769155685585589
0.00026239291680414087	0.00040685984661431796	0.0003020406663056036
0.0002395309134219038	0.0004586844182954541	0.0003173232563287278
0.00021494023837061852	0.0004799051052608941	0.0003210221410060837
0.00021640106415009872	0.0004748781854357479	0.00030255542320938055
0.0002396052867566934	0.00044837316731445695	0.00027501041014315166
0.00024051515986001158	0.00041282658158616994	0.0002524263856695709
0.00023564665088487822	0.00037394352948688897	0.0002440983893540936
0.00023599847992869356	0.0003263185354713409	0.00023673938926744632
0.000239351061207204	0.0003000660015638381	0.0002357519099726996
0.00023841460185782117	0.00027461817266904884	0.00024104515793683286
0.00023844453667033725	0.0002814860904351954	0.00024546246834879687
0.00024485076667017257	0.0003271039278534628	0.00025418106136958777
0.0002583083175158055	0.00036326738808431774	0.0002679970269907413
0.000290500474035341	0.00038758654249440214	0.00029752402536216394
0.00030049332783517506	0.00041262827673791905	0.00033275141704633643
0.0002703698416865079	0.00045009622121522624	0.0003456344997701165
0.0002554443251547578	0.00047904265505496155	0.0003380396981089641
0.0002947848572078269	0.0004426186264251308	0.00031725032016294524
0.00032254885008418244	0.00038566178931690554	0.00029604389087269355
0.0003059662972343336	0.00034670467989277883	0.0002722312306819771
0.00027547764892302674	0.00031698684286184104	0.00025540317590535096
0.00024656961623707973	0.0002856125991554721	0.0002475384372839505
0.00024241605372734017	0.0002581044641125213	0.00025020670496418343
0.0002430951553283078	0.00023173900347474882	0.0002587182836431891
0.00024671760071931417	0.000232809764431102	0.0002632268106506433
0.0002506527476571772	0.00026003235322183247	0.0002624960945094996
0.00025795701663599674	0.00030333324962099133	0.00026510019092387967
0.00026918389682174684	0.0003400091854409678	0.00028510315031297294
0.00028339177508849076	0.00039149841819442554	0.00031769416690845563
0.0002702814872436029	0.00044221899275082943	0.00034198667661873664
0.00023355690872993383	0.00047971292471588625	0.00034965207409243015
0.0002183316269026675	0.0004792814905193266	0.00033341758531911693
0.0002390622168402773	0.00045138135001743777	0.00030343994531845364
0.0002571034735783192	0.0004105074277335291	0.0002742170315813677
0.0002557142528820888	0.000372139294586438	0.0002614251288360473
0.00024282796037708652	0.0003338309040401908	0.000247232419566862
0.0002419204428251201	0.000278337536493216	0.00023438538170232465
0.00024247719557872992	0.0002577148956882781	0.00023580425062201464
0.00023703909104101143	0.00024590578707395824	0.00023685000773531395
0.0002363122003496192	0.0002482843145686302	0.0002363590282911497
0.00024155522299246888	0.00028602511243524343	0.0002469998734009443
0.00025917264757142276	0.00032239219040354266	0.00025604264401258924
0.0002823629808668168	0.0003515354801601449	0.00027424916521185863
0.00030520369995394543	0.00038189633422294755	0.00030430647927964533
0.00029762200810854047	0.0004173017711625917	0.0003224380923939704
0.00026633209358223775	0.0004649483141813096	0.00033079190659496494
0.0002576053316110698	0.000485514870784825	0.0003214159020246647
0.00027940140531391647	0.00046345946073230295	0.00029901641710822994
0.0003016586534645833	0.00041759125202519843	0.0002805576706874473
0.0003038457777376271	0.0003647263585630009	0.00026829908480465023
0.00026254531750510325	0.00032645409469639184	0.00025102339559495524
0.00023931154206869427	0.0002931095248676693	0.0002459962656231668
0.0002422092106836632	0.0002485578289196644	0.0002461403060279456
0.00024480021732836634	0.00022303993000206873	0.00025111439999862427
0.00024205556651158124	0.0002131544941714057	0.0002583092216878955
0.0002396824791083099	0.00023334359827303415	0.000259289202502248
0.00024793298395557264	0.00027241777817189173	0.00026590786933290093
0.0002604909488768844	0.00030679472970225504	0.00027320963845667783
0.0002826041693720555	0.00035133021679938163	0.0002972512402784099
0.0003007449163512409	0.0003833887189038887	0.00032571647379497654
0.00028602346852389757	0.00042684272220743657	0.00034884585414925217
0.0002482615804012125	0.0004721431397055338	0.0003557654296112863
0.00022286025078779707	0.00048410373517315683	0.0003506826772633347
0.0002474468132888329	0.0004446752196851364	0.00032612537207048697
0.0002714624604492462	0.0004026962943412128	0.0002972543635058036
0.0002770632588235546	0.0003607945721983819	0.0002789778276605337
0.0002554136966765613	0.00032681921382709086	0.00025927668025067704
0.00023926450736298468	0.0002906385540665524	0.00023775034701463646
0.00024030031959243063	0.0002474308039509206	0.00023536471367999868
0.0002517096877351222	0.0002953958034523111	0.00024581828524945185
0.00028614054852564374	0.0003442593408627394	0.00027885152360212345
0.00029577988620800723	0.0003862926154370212	0.0003000377984819373
0.0002774985705470695	0.00043589866104376166	0.00031634110126172506
0.00025384666536295864	0.0004698949552561341	0.00032433151722565523
0.00028413665395469854	0.00037888564246037735	0.00025751782495385335
0.00026818507237370663	0.0003429381616579346	0.0002486142743509091
0.00024187318573078975	0.0003068301581594879	0.00024440659235169847
0.00024705849483692597	0.00022076218599045895	0.00024279087204495667
0.00024033713771841683	0.0002205644484378339	0.0002503859154838501
0.0002337550801204559	0.00025295655365669475	0.00025452531737211765
0.00026469865303809545	0.00032513069773813525	0.000284050569428765
0.00022929095608952403	0.0004890346456273299	0.00034110861209985725
0.00024914668038325224	0.00045578696414924754	0.0003343073856498482
0.00028532033352063655	0.0003982592795087799	0.00031062273732220246
0.00023996170163395101	0.000257665220332219	0.00023529935581179844
0.0002273326913333082	0.00032085343994104113	0.0002346479141344358
0.0002240846913392944	0.0003145647907396698	0.00023626478566305618
0.00023018044322424566	0.0003425416996089989	0.00023281856512838444
0.0002360307971432345	0.0003516992849240072	0.00023201139312143773
0.00023788980841134595	0.0003219044986861088	0.00022908412805337842
0.00022935544981338033	0.0003061286901519995	0.0002351966821082697
0.00022097384079151702	0.0003124814873461579	0.00023757552574602776
0.00021899613450865338	0.00030945530436787567	0.00023885105906006022
0.00023394199010468722	0.0003300696067837875	0.00023424149934482655
0.0002402628606398127	0.0003674958804062282	0.00023183910274314628
0.0002362085405707062	0.0003845534640321679	0.00023670266749347294
0.00024978250956402573	0.0003782573084327511	0.00023608168391770222
0.0002531289771631053	0.0003391183901785547	0.0002293478117786174
0.000237684419985423	0.00030036688536349356	0.00023106387618864325
0.0002283113984631508	0.0002895070087555129	0.00023701125057517554
0.00022567577827324993	0.0003045067307341565	0.00023723298527546582
0.00022340372011760436	0.0003360015030217953	0.0002329113264920452
0.00021570685440436383	0.00033786020656427127	0.0002309089630046309
0.00021747640793531064	0.00031864358608682595	0.0002335704380211507
0.00022471104402291126	0.00030760811885990896	0.00023417272300574522
0.00023507296187168158	0.00030885054161235517	0.00023470547916307525
0.00023886364719011893	0.0003301176105099963	0.00023586590330734923
0.0002477681336742559	0.00036736370915830483	0.00023778294958773136
0.00024900406334659613	0.00040473065595498	0.0002518448757099159
0.00023999487647187679	0.0004151718197463996	0.00025503840322390074
0.00025853930711581977	0.0004088142566849051	0.0002503183904805148
0.0002858343882163344	0.00038996312690854076	0.00024125226472495012
0.0002748311451069036	0.00034848368514547233	0.00022951396903942516
0.0002459158712644993	0.0002986069068057794	0.00023081439985127864
0.00022781990287158355	0.00026325377522961934	0.00023701227958196117
0.00022345412642708816	0.00027201762602298426	0.00024005785858465713
0.00022828186153810338	0.00030670508486901947	0.0002344807639461198
0.00023332184883520448	0.00034616857615958483	0.00023308336978471715
0.00022522900825538059	0.0003726629149369976	0.00023806554966896256
0.00021244152503127373	0.0003835969048109447	0.00023588704462152387
0.000213970536539888	0.0003614306639169027	0.0002291119820838232
0.00022321969679803068	0.00032810576223543436	0.00022926432200410146
0.0002338709411336767	0.00030829738445427356	0.00023016052433751433
0.0002415608098634263	0.00030321319211981494	0.00023185244862620265
0.00023769200193410702	0.0003327571064314792	0.00023770379673515487
0.00025077145322476496	0.0003665029775835138	0.00024782728070970304
0.00026247060277842564	0.0004065325796954667	0.0002666624423823159
0.00024872320727821104	0.00044104410273437583	0.0002893459693046937
0.0002477151668640441	0.00043915051923916986	0.00028588462716849577
0.0002714474551672167	0.0004352037296416591	0.0002863883338810183
0.0002942324437806873	0.000411652268032191	0.00026755155094925886
0.0002962516391411111	0.00035694835615433654	0.0002398258811000762
0.0002731943188015323	0.0003164782686693694	0.00023190790942830382
0.00024117337641635554	0.0002729266329918535	0.0002323273430259668
0.00022994929053488854	0.00023946561392466917	0.0002348333476154712
0.00022615484416218474	0.00024644074770395556	0.00023618858198174125
0.00022740974206826903	0.00028108948188646166	0.00023173161324439997
0.00023479388737679332	0.0003209609373519215	0.0002284104453645085
0.00024081090182457305	0.00037390777064630294	0.0002411495317657083
0.00022522182736763296	0.0004114804665905226	0.00025714893846390827
0.0002089464431686132	0.0004239009440588703	0.0002582368449510509
0.000210291852656949	0.0004109771508646027	0.00024319232533499328
0.00022015564636640282	0.0003735866626761465	0.00023286245039236703
0.00022974694866268478	0.0003330518161132491	0.0002273554552899219
0.0002366909026759166	0.0003174155180369232	0.000224980979589838
0.00024185799403211405	0.0002991382020504272	0.0002291272109502387
0.0002444487768206174	0.000278240205067894	0.0002298275674068907
0.00023843268721361122	0.00029875016299651936	0.00023346449088009673
0.00023162724354637373	0.0003131539843709808	0.00024486336918603353
0.00024229677687316966	0.0003475845954237812	0.0002517649853882398
0.00026764819179652327	0.00038253394744054004	0.0002659121216425776
0.0002697786635986986	0.0004352668744183715	0.0002884800889058379
0.00024988681587530086	0.00046411062250834446	0.0003105353102755127
0.00026329159055234506	0.0004608531297878654	0.0003093317874832538
0.0002871081300765603	0.0004406776837915512	0.00029378059160404006
0.000300800426440028	0.000399529335196506	0.00027321484331757764
0.00029286608594658185	0.00034731438275405663	0.00025357998745509624
0.00027579639081339307	0.00030317409937091473	0.00023922361246561655
0.0002496838645275318	0.0002693605201867273	0.00023624330094569007
0.000236320288135589	0.00023390599592215767	0.00023224591392486567
0.00023371949017970755	0.00022326885859041433	0.00023172091293659658
0.0002291928970614281	0.0002419761073794728	0.00022970921381090453
0.00023213640663700323	0.00027813848358201995	0.00022541075207053828
0.00024601352827010746	0.00033686449429684925	0.00023801694181065878
0.0002538493966123081	0.0003769094482567108	0.0002616716653718585
0.00022469438863773292	0.00042888389949574196	0.00028448486372212507
0.00019851048281300116	0.00045781644296972323	0.00029074879339127804
0.00020905082976974417	0.000447164360129988	0.0002680962431997404
0.00022549138758026533	0.00041779049682886534	0.0002475347073437954
0.00022904481460762582	0.0003774634293784539	0.00023469547864042234
0.00023375709425924078	0.00034907569778958166	0.00022783933335817987
0.00023752102237799527	0.00031586788615215367	0.00022665119962995032
0.00024102720072225747	0.0002934178385695142	0.000227078108803921
0.0002438393226125818	0.0002660063332001581	0.00023477533673134452
0.0002355172412707462	0.00027656198594295877	0.0002436727078711443
0.0002368305023745549	0.00031960479709870835	0.000260155887763258
0.00026130067054554916	0.0003536117403840668	0.0002696932063418859
0.0002835556015283977	0.0003969410769599996	0.0002829425145628505
0.000265288382202181	0.0004601058366823699	0.00030548293407204095
0.00024994592859783535	0.00048608732827499194	0.0003154984953384423
0.00025558783622702967	0.0004842815888417421	0.00030693406247183145
0.00029069254606029757	0.00043786843453586834	0.0002940913386182555
0.0003025285170013436	0.00038856712311928536	0.0002814661154412476
0.0002824539921123493	0.0003294434991419171	0.0002617350684998658
0.00026519962964296475	0.00029037778303798653	0.0002474597216925646
0.0002471873249238631	0.00025942761171940425	0.0002404625289694832
0.00024211095682557425	0.0002269911275678721	0.00023231923202204127
0.0002410800636223821	0.00021814491508192056	0.00022711814819022032
0.00023529253854626448	0.0002364360797345459	0.00022661125685092488
0.00023876049075250374	0.0002596494587549014	0.00022597622010785297
0.00024303215095078905	0.0002924941817105565	0.00022921972659357355
0.00025853937048305836	0.00032997936380779497	0.00025549920912065456
0.00026680593177095586	0.0003643797986914465	0.0002842493178646243
0.00024260716000735976	0.0004188660822306303	0.00030361536802455855
0.00020360549827893538	0.00046468311994785885	0.0003156778679618699
0.00021938196413144107	0.00046674307516760975	0.00028877452916753525
0.0002377866616681204	0.000439023347995526	0.00026569037981571367
0.00023797203784389987	0.0004027851172780037	0.0002525902218482457
0.00023649748265603727	0.000367690449012447	0.00024538297353114615
0.00023716481086148708	0.0003284528629748155	0.000237578247230323
0.00024097495303246385	0.00028036125460958436	0.00022939553117649514
0.00024580576062214473	0.00026062091036136294	0.0002287313246394926
0.0002477727025576074	0.00024128702123960726	0.0002346521682059194
0.00023990709366183684	0.0002435515429302985	0.00024337944578595438
0.00023124746565070757	0.0002822433147172574	0.0002542253833524296
0.00025040780358619505	0.00032112286673948977	0.00027683059363992947
0.00027833893867943647	0.0003551370164533107	0.0002892840629158433
0.0002905143604592621	0.0004014550568459453	0.00030243444702052235
0.00027509235750354413	0.00044395887069013674	0.0003189941481226698
0.0002468258458622609	0.0004860752534442681	0.0003228032278932803
0.000242099173470013	0.0004915018634738261	0.0003153768486714321
0.00027063776246577737	0.000451477958731288	0.00031230199282808306
0.0002987942961869572	0.00039647492921248225	0.0002992042250042733
0.0002909439504215419	0.0003438695416248621	0.00027600384378589357
0.000257932779689234	0.0002973315668774417	0.00025681975282815505
0.0002434218650104212	0.0002711561849959627	0.00024388331882028495
0.000242160395778471	0.0002364725280941214	0.00023362639685962225
0.0002441987729374024	0.00022080003544734138	0.00022754371564525305
0.00024296691877576066	0.0002312767538287022	0.00022360394067565416
0.0002421511570591613	0.000249634980280604	0.0002267653518802599
0.0002494220005965303	0.00027968993598787023	0.00023442875642529663
0.00025720540862683966	0.00030514536623871117	0.00024573452170531876
0.00027143165476598816	0.00033227554906651473	0.0002784032180398487
0.0002784583956589656	0.00037602198409644375	0.0002992627376452279
0.0002588090426150572	0.0004242784341372384	0.0003148652036482419
0.00022925339508122835	0.000461233843822128	0.00032485630734591065
0.000227744978844269	0.00047721543149518053	0.0003043809290258464
0.0002530814892273158	0.0004515125232376374	0.00027616905443124005
0.00025405896695512875	0.00041129832509098673	0.0002668865581821269
0.00025577079433203315	0.00037137909985117157	0.00025737508374084863
0.0002482216333504901	0.0003337125027596409	0.0002466515146660684
0.0002393230846310169	0.0002905811739990464	0.0002372234366306717
0.00024669114531556557	0.00024163765309953347	0.00023338754131942805
0.0002422802879691511	0.0002913825080179914	0.0002696653564485788
0.00028793989260083984	0.00035329766359456664	0.0003003306397544763
0.0003005337774381644	0.0003833076340570291	0.00031964072444965206
0.0002815685364988894	0.00043004305775439183	0.0003370063145803509
0.00024489003964431235	0.0004789876842630334	0.0003391263723081292
0.0002916297548746878	0.0003520580708909098	0.00028629419729162686
0.0002656176605890983	0.00031705203029619737	0.0002668703729591274
0.000242377639109095	0.0002934101196114181	0.00024726275435278395
0.00023940111936632318	0.00023438357342976153	0.00023220192424063825
0.00024008007366868998	0.0002369471385892652	0.00022783251680116008
0.00024139066330437076	0.0002603138523358946	0.00023578354473416968
0.0002663894608490831	0.0003152927980921774	0.0002605192504389254
0.0002477876743604062	0.0004811928559779766	0.00031226247867718486
0.0002625063320616955	0.0004694652178798794	0.00028490307577375287
0.0002789008780258539	0.0004263824900130215	0.0002676658678248984
0.00024194996533646813	0.00025956481122966395	0.00024049298615591317
