3.841182961196028e-7
7.022133450903223e-7
-2.236905871399549e-6
5.369950940923695e-6
-6.298066623446032e-6
4.053620102900455e-6
-1.320426588498163e-6
5.343888798583924e-6
7.750590710830633e-6
-1.1702680690193462e-6
-7.902304136521221e-6
6.633762884464209e-6
-9.808456669040525e-7
6.85452017805996e-6
-3.1562784232006587e-6
5.231619358080528e-6
4.611637619168398e-6
5.920961712446296e-6
7.880574874625292e-6
-1.9398783974358566e-6
2.801900213472413e-6
3.841442767131444e-6
-1.1359686029409368e-6
-4.893022473445722e-6
-3.460592347614017e-6
-7.848512870099278e-6
-6.4457492547464005e-6
7.750615393658504e-6
6.8803975047657284e-6
7.788669426164365e-6
6.636954800671866e-6
-2.251514437461577e-6
1.8735425260105416e-6
6.572511870054726e-6
7.2086758108426015e-6
-7.731711197566341e-6
7.802590245389478e-6
-4.831247402280263e-6
-4.390616579926169e-6
7.754438994574545e-6
3.488636621543541e-6
-5.111857733579582e-6
-2.9644303967651914e-6
-2.05856904822225e-7
7.482222646491697e-6
-5.453398756363109e-6
-5.408219332307627e-6
-7.842895563322899e-6
6.305147910815208e-6
5.753413595109407e-6
5.347335762182814e-6
6.2861253203441565e-6
-1.290027930280105e-6
7.982070279952038e-6
-1.8120160944055927e-6
-5.278640965793036e-6
6.382816912413355e-6
1.720516903779773e-6
-3.2914346964941527e-6
7.5205169972314144e-6
7.664437067573998e-6
4.129098126903575e-6
6.695675567405047e-6
7.5605047337963795e-6
4.956824490740894e-6
-7.761328151589592e-6
4.899185174129883e-6
4.50029720915501e-6
-2.5781394652326405e-7
7.16563310924954e-6
-5.780126779458426e-7
6.936783413274444e-6
-5.485911121329134e-6
6.518166093029969e-6
1.2671089055471425e-6
-2.43792388205615e-6
7.4292366599488015e-6
2.4649536552965804e-6
7.270045213718051e-6
7.314668811705643e-6
7.371347433815089e-6
-1.6669727304867052e-6
6.748707849246184e-6
6.4245207924609715e-6
2.946844570649396e-6
-6.774528273467807e-6
-7.729279975000394e-6
7.887332379407235e-6
7.304583417244247e-6
5.397639608815491e-6
4.701854870790514e-6
6.774184372356442e-6
7.695374492423913e-6
5.695834252629807e-6
-1.090824375334294e-6
-7.81623862912179e-6
-1.244179375933858e-7
-4.30972913410273e-6
-7.920979527724793e-6
-4.167739925031447e-6
-7.2599115523650705e-6
5.430562131391048e-6
6.3319014084337464e-6
-5.181817820769e-6
9.119370388535613e-7
-7.527872636374017e-6
-7.511085565062025e-6
6.8880807316580165e-6
7.866095708240059e-6
6.1883685040142895e-6
-7.129843626814625e-6
1.3480666340060617e-6
-4.317574080864752e-6
8.973169409657147e-7
-3.593733920702761e-6
-1.7027483329938259e-6
-4.3403168234027814e-6
7.46332421147298e-6
-7.783531757750532e-6
-4.218725347011712e-6
1.949374148151136e-6
-1.1634883719703618e-6
7.61404572641546e-7
6.406590402281185e-6
6.671901260757781e-6
8.784774200519635e-7
-7.077820618244978e-6
6.110105706896512e-6
-7.043021145521023e-6
-7.79846128335874e-6
2.47503706147828e-6
-5.631228803582694e-6
-5.845799878805942e-6
-7.916068452999771e-8
4.246891540333644e-6
-5.723505284092141e-6
5.76077936707014e-6
4.575858179069488e-6
-7.817647691959839e-6
-9.962359843135332e-7
7.884729726535397e-6
-5.6209800034111435e-6
4.572804921050233e-6
7.788604437966566e-6
7.283200645241064e-6
1.564533570082582e-8
2.0337925695920927e-7
-6.720316793858876e-6
3.96288252342431e-6
-2.2047939706963064e-6
-6.215584819973366e-6
1.825324231239272e-6
-6.202216501923055e-6
-6.703808142420141e-6
-7.833606710720903e-6
-3.4203194991246483e-6
-7.802026787942662e-6
3.506449198539524e-6
-5.8349054404104155e-6
4.063740360554534e-6
-7.768883895298565e-6
-7.462505872277367e-6
-2.594689525221817e-6
-7.528509286472902e-6
-3.2416204668811005e-6
-3.002884859824118e-6
2.4059324347356136e-6
-7.615946858843585e-6
3.958282237870187e-6
4.4285492624938475e-6
-7.41453584215763e-6
4.235042340779964e-6
1.3320282992201008e-6
-2.1290719343400036e-7
-7.067515251554317e-8
-2.262710652628949e-6
4.538743305815071e-7
-6.644197631759537e-7
-1.4412280243295677e-6
-1.8870279045665696e-6
-1.325287627497061e-6
8.954861148095589e-7
1.1609737520934555e-6
-8.402024958831629e-7
-2.665363850118892e-7
-1.0807234334452152e-6
8.069801185573062e-7
-2.2353889995699873e-6
-5.271021296159009e-8
-1.1909216498670422e-6
-9.88749234477313e-7
1.2650955319319607e-6
-4.3999225941553605e-7
-1.318795240978224e-6
-8.484138076422455e-7
-3.8032951419405586e-8
4.097777891747084e-7
8.995952034540991e-7
1.795332027559306e-6
-8.409738296766614e-7
-1.1228432102000676e-6
-1.820017025530494e-6
-7.431286011847186e-7
7.515312413791512e-7
-9.74065987895272e-7
-5.489513192727508e-7
-2.947963930814243e-6
9.926007522215114e-7
-1.154813258615276e-6
1.9230183044677384e-7
2.3701839483002166e-8
-1.2139053659546233e-6
2.922084789367908e-7
3.4206193735231294e-7
1.3393584086082448e-6
7.955253022664493e-7
-9.784319648770231e-7
8.836766143091147e-7
1.1842241695934285e-6
1.257773836108508e-6
-1.8847633204375123e-6
-1.3784454072030342e-7
-1.441523215012442e-6
-1.800981343033491e-6
1.4603242572027052e-6
-7.945743535209999e-7
-1.2870575147711265e-6
2.0883273503138235e-6
-7.858675721872024e-7
-1.293041650711287e-6
-5.708315217171225e-7
-2.6486562156845155e-6
-1.960468089219161e-6
-1.1374032532108491e-6
-1.6035818073579002e-6
-1.1452851989577435e-6
-8.384319545017126e-7
-2.8470335747570615e-7
-5.909842828401547e-7
-6.097298254111512e-7
1.7301503568324327e-6
-5.013322174272336e-7
1.5921121005160455e-6
-1.5366759541601706e-6
7.730080737301656e-7
-2.369669528203295e-6
7.204632541487138e-7
9.82543264532275e-7
-1.415500578608351e-6
9.047992915891894e-7
-8.031408278775356e-7
-1.1143810553754e-6
-2.2264897528061296e-6
1.4333150845006445e-6
-1.9568922821180933e-6
-1.364952098629378e-6
1.2273243380724564e-7
1.424135231022352e-7
7.879289411055602e-6
3.4987501385946146e-6
1.7407848746054218e-6
-1.7070090744909713e-7
-2.414607343548056e-6
-2.452063824744022e-6
6.234932468193696e-6
-4.958826193494471e-6
6.780573484457782e-7
5.4908334407664075e-6
1.0763409885818852e-6
3.137823809950836e-7
-3.37986090089905e-6
-4.100037274890925e-6
6.428816787704006e-6
-4.553913474054435e-6
2.9929381655912994e-7
-1.3371830340528158e-6
6.268612957138076e-7
-7.130278852068813e-6
1.7918192284917793e-6
-3.3779515088465908e-6
-4.529514035083353e-6
-1.8812020836635683e-6
-5.364223927987053e-6
-1.5543271146593336e-6
-4.850247042198198e-6
-2.396472554117322e-8
-9.728470780945936e-7
1.4181586645559257e-6
-2.681335003550775e-6
4.187854616914543e-6
-6.203723882823047e-6
1.6381376797973026e-6
3.312402569890464e-6
-6.224537548790246e-7
-8.386337581639933e-7
-2.3089787413169696e-6
-5.899251296966018e-6
-1.329258104494562e-6
-3.0196176766607607e-6
-4.013315483482747e-6
-2.8162824268171628e-6
-4.108387387677325e-7
-1.148772413011882e-6
1.0960797525242084e-6
-4.8872609825317375e-6
-8.857600658883822e-7
-3.471108895065273e-6
-2.399319701687569e-6
-5.782819812867443e-6
1.3810657311478323e-6
-1.1488548998338168e-6
1.2243447592847432e-6
7.362652976138311e-6
-3.2164475225540163e-6
-1.8573383957848544e-6
5.252237588498384e-6
-4.0041875012086615e-6
2.570299073849876e-6
-1.3704082599599573e-6
3.3100863569869855e-7
-1.326144401791912e-7
-1.212002477662901e-6
-5.33298072517918e-6
-1.5278545584998273e-6
-1.2179043774921637e-6
5.604788067294704e-6
2.6340720772155345e-6
-1.991927685312026e-6
2.702954815019002e-6
-2.0657213586208143e-6
-5.596562735717694e-6
-4.558964408985954e-6
6.4139589260053e-6
4.574695962675704e-6
2.3759812714847202e-6
5.585663228732676e-7
4.0525947796607313e-7
-2.9792852525439166e-6
2.413520231164116e-6
5.9259786886221906e-8
1.1592902348817884e-6
-1.0052245752677298e-6
7.301552780299129e-6
-2.952706100630995e-6
8.649689635455059e-8
-1.4237535548179278e-7
1.2640279883197653e-6
-2.7295909002592244e-6
-4.043944855592416e-6
7.782251439876877e-7
1.8974672511722549e-6
5.5731956046334426e-6
-4.032146461827148e-6
-1.3701598307712049e-6
-4.229317665475361e-6
-1.024236797965709e-6
1.3535530167123842e-7
-6.337947311797648e-6
-2.3447173385194597e-6
1.9456088053064257e-6
-2.0187897694929894e-7
-3.1901253368992646e-6
2.779053241794796e-6
1.281587854988468e-6
2.3611834545061e-7
3.125031424437896e-6
-1.2244888702546005e-6
-1.5356239639251308e-6
2.871821994972044e-6
-7.6425317155528e-6
6.2056690241882e-6
5.5164701015440996e-6
6.266701987376362e-7
-1.772860681179118e-6
-5.105083594402517e-6
5.747678133743792e-7
-2.094850055924873e-6
1.4446424183358245e-6
-2.0212581097922862e-6
6.9328190069887895e-6
-3.0027895256423808e-6
-1.4337999633474568e-6
-3.782587997499448e-6
1.6229782694881366e-6
-1.2493858463380845e-6
-3.0344077714667724e-6
2.387770004853633e-6
7.27795709755686e-7
3.1769575723031753e-7
-2.249358554293318e-6
3.189082584823025e-6
6.150194974637575e-6
2.2237009086171477e-6
-2.163930978084401e-6
4.702684112335517e-6
-4.448922263616387e-6
-1.187102225481356e-6
6.523830691299139e-6
2.021104590880461e-6
3.855814216162573e-7
1.2161035626070297e-6
-1.2201592764977972e-7
-1.2363146659596916e-6
1.2634002076129182e-6
-4.847149282752664e-6
-1.1638617483182393e-6
-2.802789234300497e-6
-2.8935996894402085e-7
-3.6423219555611474e-6
-6.28466671113962e-6
-1.3704922518963135e-7
4.152917864573776e-6
1.3934826350673807e-6
-3.12687664133822e-6
-1.6295144776538247e-6
6.083080211802273e-6
5.402660578734247e-6
5.000619683797539e-6
1.3616115414466306e-6
-3.3623536085876753e-7
3.0482506779176804e-6
-7.738509321748484e-7
2.968803337467691e-6
-5.274084459737709e-6
-5.791926993541618e-7
1.3248916676444828e-6
1.6878428548254999e-6
3.496789239354082e-6
2.918028617395563e-6
-4.515789498279655e-6
-1.3141695766015518e-6
7.052666625860347e-6
7.700863445555976e-6
-7.449089217385535e-6
6.430274412729125e-6
-7.54547743067084e-6
4.6968071724687885e-6
2.72281060659189e-6
6.84311324826404e-6
-5.45802556629683e-6
6.6666421231176565e-6
7.91190187312475e-6
7.261610291497749e-6
-2.1472951619801343e-6
4.147463617463372e-6
-6.252216568993349e-6
7.834562433823698e-6
7.2303729674972585e-6
7.4590244996345066e-6
-3.341595381680917e-6
7.80790431245724e-6
6.5842850221983996e-6
-6.543466255991596e-6
7.480126456554168e-6
4.990162864204073e-6
-2.0086964066532185e-6
-1.8163121184295863e-6
5.763201449935886e-6
-7.852545928261104e-6
7.668876665310487e-6
5.569283521713661e-6
6.559844789677006e-6
4.710487793629571e-6
7.599843454018844e-6
6.941748327591779e-6
3.6013370371964034e-6
-7.247575511585667e-6
-7.4478842214194995e-6
-3.7145981247508023e-6
-7.675273474426822e-6
7.207472645797129e-6
-6.203569978011912e-6
6.7609297635109426e-6
7.838125525509058e-6
-7.83621918339044e-6
-7.540936571691336e-6
-5.325848254191192e-6
-5.046457983666935e-6
-6.820501661802403e-6
-7.357016095406062e-6
-3.0545607034618915e-6
-6.418908053828536e-6
-7.71684284786661e-6
4.460855465770821e-6
2.2129937977117614e-6
-7.311862892821447e-6
-7.693133021639396e-6
6.097102872354374e-6
6.826101519877949e-6
7.447908447212753e-6
-6.064600144739561e-6
7.894413256062469e-6
-7.508084628227593e-6
-7.86895283957272e-6
-4.588878668825327e-6
4.555317364451308e-6
-7.842326553757883e-6
-4.066984463928804e-6
7.406706311686212e-6
-7.038550260641316e-6
-7.287326332611691e-6
4.719316613800035e-6
1.5580349238598171e-6
-4.3186464884336145e-6
4.523660868612456e-6
6.5465200926108805e-6
7.036151579373393e-6
-7.877065607759826e-6
-7.356250505999988e-6
-5.276925058095437e-6
7.681547386962543e-6
7.841147403300383e-6
7.696263510392828e-6
6.948327356465031e-6
1.454029151277075e-6
-5.93037646151514e-6
1.3370987520110114e-6
7.0959685530028e-6
7.3234616415707456e-6
-5.691892296534575e-6
3.860984517970421e-6
-6.330396059516376e-6
4.86722545232842e-6
3.259815751035639e-6
-1.4317278653418146e-6
5.532230096124357e-6
4.3334523690649416e-7
-4.324681661442021e-6
-7.151883440652127e-6
3.9235019223511114e-7
-3.5816790007481677e-6
-3.700873350638055e-6
6.462999967563926e-6
-5.129987018702675e-6
1.1500842861242004e-6
2.9004374798528473e-6
-7.206947525796574e-6
6.113164245863911e-6
-6.5620693223968634e-6
5.7939288916570684e-6
-4.795268563727997e-6
3.8938987603328807e-7
-5.56347165251267e-7
1.3688960059608716e-6
3.915667506555162e-6
-1.887410322975896e-6
-3.283670908355008e-6
6.20165422927098e-6
-4.80456792832141e-6
-3.823672446901644e-6
9.889317335524067e-7
-1.4973700689146248e-6
-1.0516376265603954e-6
-6.004202632848429e-6
-3.2467039922712257e-6
-4.4476292389532784e-7
-6.379248756015416e-6
-4.70073484997393e-6
-6.624981829390165e-6
-7.97644055348407e-6
-2.2978197329215742e-6
5.5854715501218606e-6
3.2956328942615764e-6
-1.001575294722051e-6
-3.0488423409729183e-6
5.131022642161373e-6
-1.2914421960205482e-6
-4.543052616828028e-6
7.771798277451793e-6
1.531136556698014e-7
2.3496069707408705e-6
4.9991654992283895e-6
-4.122766079478029e-6
5.934742864308011e-6
5.96220061464036e-6
5.504817844862242e-7
-1.141805292003304e-6
-6.759357559770059e-6
-4.134236077757187e-6
2.204341449167326e-6
3.2193437406090117e-6
6.958734619797891e-7
6.151112620812436e-6
3.747935190870213e-6
-7.628742542235563e-6
2.8315196688175834e-6
7.455008868615284e-6
3.395812321241815e-6
-1.6919333116826585e-6
-5.99961266959856e-7
-4.5264856313893445e-6
-6.044449747905243e-6
-1.6023643156907695e-6
7.572353351977809e-6
3.3572699542450937e-6
1.28946877067572e-6
2.230379141822047e-6
-7.666067384851641e-6
4.285269698390042e-6
4.666143675719088e-6
-1.246114270010939e-6
-3.1553335470114556e-6
1.0982539280672662e-6
-5.543178141280383e-7
2.2065943886765982e-6
5.156409371743768e-6
5.128590906903699e-6
4.116925801898588e-6
-9.602694346813983e-8
-6.09196890541291e-7
-6.764333523025241e-6
-3.467383130961005e-7
6.617349290074865e-6
-6.73379016864472e-6
9.170335561416914e-7
2.181854186943677e-6
1.9486653657500186e-6
5.5792185082722335e-6
-4.462655602623998e-6
-5.292139156385678e-6
-7.3432387710720024e-6
-1.9930133526590657e-6
-2.867120622794887e-6
-2.489590143368064e-6
-3.682244929754478e-7
4.732970544120797e-6
1.8337934112519462e-6
-2.2451991588367303e-6
-2.1863315156868457e-6
-5.620340475183347e-6
6.973413194524107e-6
-7.64078250769102e-6
-4.348919902029406e-6
2.3848922939332386e-6
-3.613971477582651e-7
-6.706697444332999e-6
-7.334528541014137e-6
3.510845441607437e-6
7.223717592045498e-6
-4.581251638726375e-6
-2.081941987708662e-6
7.77945998726328e-6
-3.4518891783778392e-6
-3.964141943529454e-6
2.0115631215912102e-6
8.017451979464885e-8
7.61714099336693e-6
-5.2393603461432436e-6
-4.2778590229780155e-6
-4.953632331428467e-6
6.427810124174855e-6
5.2222331581124995e-6
3.1369781561239393e-6
4.810896328283696e-6
-1.5156817176074103e-6
-4.49911483306846e-6
-4.264641483219276e-7
-5.696920799802323e-6
6.388672608237838e-6
-1.9168710678853917e-6
3.2227690181363904e-6
-7.84291488275447e-6
6.266199338634475e-6
-4.224247198960962e-6
6.345384175545582e-6
7.63042576366819e-6
3.3089597824776504e-6
4.468748679389777e-6
4.799733314999854e-6
1.7117035564070227e-6
7.635691526588346e-7
6.373096616985286e-6
-1.1362741587417397e-7
-3.5941305359659406e-6
6.198380906699189e-7
4.90416412144003e-6
-3.803321376548883e-7
2.459116760790691e-6
-6.8776539519006685e-6
2.2622529489698374e-6
6.5726533602950995e-6
5.094023524347584e-6
-7.6093901915789335e-6
1.5095978318987096e-6
-6.628254033782314e-6
-5.445279958472228e-6
-5.079248063062043e-7
-5.071665531457586e-6
7.75037653053814e-6
-3.5569200816637982e-6
-1.8510225693450767e-6
-1.8088485507096877e-6
4.660766462535116e-6
2.3456890174072082e-6
-6.331602039225655e-6
7.257679431578725e-6
-3.767890179341129e-6
5.627393980570285e-6
4.15495038162568e-6
-5.3256251014614e-7
-3.290883129585662e-6
-7.68847559429608e-6
6.829136415126697e-6
4.382762039730172e-6
-2.86409548927499e-7
-3.1564619328396872e-6
2.8464255890757094e-6
-7.05582561368064e-6
1.795807918711575e-6
4.467741349830551e-6
4.521284389290218e-6
2.3816109803363714e-6
-6.156606164174894e-6
7.781006460153788e-6
-7.73274879401968e-6
5.4667604753683244e-6
4.055517905788232e-9
-1.2620510872914906e-6
-5.54061891892958e-6
-4.165357822109915e-6
-6.384421344176022e-6
2.147922576579206e-6
-2.4946181459360187e-6
-6.968577889321745e-6
-3.0070375143960676e-6
2.6524881921839103e-6
7.015009173847495e-6
1.6229159196261306e-6
-3.254028542200817e-6
4.972595640608796e-6
-3.3906071486435175e-6
-4.3809054134363103e-7
5.07787148699121e-7
2.2858642914014713e-6
-5.7751995248320995e-6
-6.035444785069193e-6
3.5661766321645495e-6
-3.346095184469799e-6
7.266454616111284e-6
-4.416041521807253e-6
-8.98259380859126e-7
6.638979091899649e-6
-7.538126359002335e-6
-2.538931294948068e-6
1.8078022491255452e-6
-5.104675428861739e-6
4.031699197449196e-6
1.2855560746943215e-6
-4.846184171892032e-6
-2.1171517617883903e-7
-2.3976770811158344e-6
-7.570128041970526e-7
-6.481379195286317e-6
6.496993195247851e-6
-1.1374006845019643e-6
6.822589917981527e-6
2.6431096148557003e-6
-3.757198615525328e-6
2.6999918830347507e-6
6.158579902902333e-6
-7.757294093174991e-6
6.336761630830413e-6
6.571788618686128e-6
4.512208030201137e-6
3.673959806809553e-6
2.9128198712188143e-7
2.8104005648682483e-6
-6.019858696373786e-6
-1.0919567812158802e-6
-1.051954898371815e-7
9.273126630832275e-7
3.461670386243969e-6
7.798771165526257e-6
5.40866579620316e-6
